%%%%%%%%%%%%%%%%%%%%%%%%%%%%%%%%%%%%%%%%%%%%%%%%%%%%%%%%%%%%%%%%%%%%%%%%%%%
% Aer_M1600 provides two tables which include the time values and thrust
% values for the AeroTech M1600 rocket motor that are provided by the
% manufacturer.
% This motor also includes the mass as a function of time.
%%%%%%%%%%%%%%%%%%%%%%%%%%%%%%%%%%%%%%%%%%%%%%%%%%%%%%%%%%%%%%%%%%%%%%%%%%%

function [Time_Table,Thrust_Table] = Aer_M1600()
    Time_Table = [0 0.09 0.27 0.45 0.63 0.81 0.99 1.17 1.35 1.53 1.71 1.89 2.07 2.25 2.43 2.61 2.79 2.97 3.15 3.33 3.51 3.69 3.87 4.05 4.23 4.41 4.5 10];
    Thrust_Table = [0 1370.6 1626.63 1672.65 1720.6 1763.29 1801.28 1829.83 1845.15 1856.37 1850.09 1847.37 1829.45 1810.98 1784.91 1754.27 1726.9 1689.29 1641.58 1581.59 1511.04 1431.4 1361.03 1234.57 621.21 42.47 0 0];
    Mass_Table = [4082 4046 3888.56 3715.24 3536.98 3353.95 3166.69 2975.94 2782.88 2588.42 2393.71 2199.46 2006.31 1815.06 1626.15 1440.23 1257.35 1077.88 902.898 733.573 571.105 416.527 269.83 133.473 35.9813 1.11556 0 0];
end
%%%%%%%%%%%%%%%%%%%%%%%%%%%%%%%%%%%%%%%%%%%%%%%%%%%%%%%%%%%%%%%%%%%%%%%%%%%